1000
2000
0
1
2
3
4
5
6
7
8
9
10
11
12
13
14
15
16
17
18
19
20
21
22
23
24
25
26
27
28
29
30
31
32
33
34
35
36
37
38
39
40
41
42
43
44
45
46
47
48
49
50
51
52
53
54
55
56
57
58
59
60
61
62
63
64
65
66
67
68
69
70
71
72
73
74
75
76
77
78
79
80
81
82
83
84
85
86
87
88
89
90
91
92
93
94
95
96
97
98
99
100
101
102
103
104
105
106
107
108
109
110
111
112
113
114
115
116
117
118
119
120
121
122
123
124
125
126
127
128
129
130
131
132
133
134
135
136
137
138
139
140
141
142
143
144
145
146
147
148
149
150
151
152
153
154
155
156
157
158
159
160
161
162
163
164
165
166
167
168
169
170
171
172
173
174
175
176
177
178
179
180
181
182
183
184
185
186
187
188
189
190
191
192
193
194
195
196
197
198
199
200
201
202
203
204
205
206
207
208
209
210
211
212
213
214
215
216
217
218
219
220
221
222
223
224
225
226
227
228
229
230
231
232
233
234
235
236
237
238
239
240
241
242
243
244
245
246
247
248
249
250
251
252
253
254
255
256
257
258
259
260
261
262
263
264
265
266
267
268
269
270
271
272
273
274
275
276
277
278
279
280
281
282
283
284
285
286
287
288
289
290
291
292
293
294
295
296
297
298
299
300
301
302
303
304
305
306
307
308
309
310
311
312
313
314
315
316
317
318
319
320
321
322
323
324
325
326
327
328
329
330
331
332
333
334
335
336
337
338
339
340
341
342
343
344
345
346
347
348
349
350
351
352
353
354
355
356
357
358
359
360
361
362
363
364
365
366
367
368
369
370
371
372
373
374
375
376
377
378
379
380
381
382
383
384
385
386
387
388
389
390
391
392
393
394
395
396
397
398
399
400
401
402
403
404
405
406
407
408
409
410
411
412
413
414
415
416
417
418
419
420
421
422
423
424
425
426
427
428
429
430
431
432
433
434
435
436
437
438
439
440
441
442
443
444
445
446
447
448
449
450
451
452
453
454
455
456
457
458
459
460
461
462
463
464
465
466
467
468
469
470
471
472
473
474
475
476
477
478
479
480
481
482
483
484
485
486
487
488
489
490
491
492
493
494
495
496
497
498
499
500
501
502
503
504
505
506
507
508
509
510
511
512
513
514
515
516
517
518
519
520
521
522
523
524
525
526
527
528
529
530
531
532
533
534
535
536
537
538
539
540
541
542
543
544
545
546
547
548
549
550
551
552
553
554
555
556
557
558
559
560
561
562
563
564
565
566
567
568
569
570
571
572
573
574
575
576
577
578
579
580
581
582
583
584
585
586
587
588
589
590
591
592
593
594
595
596
597
598
599
600
601
602
603
604
605
606
607
608
609
610
611
612
613
614
615
616
617
618
619
620
621
622
623
624
625
626
627
628
629
630
631
632
633
634
635
636
637
638
639
640
641
642
643
644
645
646
647
648
649
650
651
652
653
654
655
656
657
658
659
660
661
662
663
664
665
666
667
668
669
670
671
672
673
674
675
676
677
678
679
680
681
682
683
684
685
686
687
688
689
690
691
692
693
694
695
696
697
698
699
700
701
702
703
704
705
706
707
708
709
710
711
712
713
714
715
716
717
718
719
720
721
722
723
724
725
726
727
728
729
730
731
732
733
734
735
736
737
738
739
740
741
742
743
744
745
746
747
748
749
750
751
752
753
754
755
756
757
758
759
760
761
762
763
764
765
766
767
768
769
770
771
772
773
774
775
776
777
778
779
780
781
782
783
784
785
786
787
788
789
790
791
792
793
794
795
796
797
798
799
800
801
802
803
804
805
806
807
808
809
810
811
812
813
814
815
816
817
818
819
820
821
822
823
824
825
826
827
828
829
830
831
832
833
834
835
836
837
838
839
840
841
842
843
844
845
846
847
848
849
850
851
852
853
854
855
856
857
858
859
860
861
862
863
864
865
866
867
868
869
870
871
872
873
874
875
876
877
878
879
880
881
882
883
884
885
886
887
888
889
890
891
892
893
894
895
896
897
898
899
900
901
902
903
904
905
906
907
908
909
910
911
912
913
914
915
916
917
918
919
920
921
922
923
924
925
926
927
928
929
930
931
932
933
934
935
936
937
938
939
940
941
942
943
944
945
946
947
948
949
950
951
952
953
954
955
956
957
958
959
960
961
962
963
964
965
966
967
968
969
970
971
972
973
974
975
976
977
978
979
980
981
982
983
984
985
986
987
988
989
990
991
992
993
994
995
996
997
998
999
300 908
464 933
294 744
561 698
353 553
698 856
4 565
226 517
438 685
604 948
274 593
124 208
218 813
72 128
160 607
277 961
290 525
119 323
319 322
130 934
614 863
527 624
57 446
105 557
480 543
681 885
844 930
302 567
718 750
291 705
451 534
47 583
217 521
434 612
582 644
736 878
62 877
813 831
134 919
89 540
284 310
397 506
389 913
646 758
25 341
204 635
701 869
136 315
169 923
84 554
113 255
113 647
308 549
178 899
379 577
743 763
122 294
843 990
836 947
179 343
381 514
500 738
179 483
392 861
313 362
826 918
390 803
606 759
121 175
47 466
707 783
24 280
665 961
486 633
483 720
119 773
423 790
51 375
508 740
301 865
247 852
270 904
6 381
117 992
179 370
448 756
421 598
399 710
262 369
206 553
229 296
174 421
169 329
193 967
8 943
153 689
689 846
547 842
354 385
86 616
61 952
614 662
317 935
207 548
84 788
98 903
137 338
308 633
399 469
175 931
620 849
648 951
219 591
725 787
117 602
599 900
630 814
373 443
287 663
563 958
771 823
871 883
723 941
303 787
40 323
773 986
64 989
3 36
202 779
117 181
640 830
785 901
212 617
11 670
337 411
586 996
205 938
163 512
81 922
0 921
474 933
380 974
660 808
398 683
699 938
63 833
135 879
73 685
25 664
37 192
897 983
530 936
569 866
95 106
804 883
161 515
496 845
446 990
171 847
477 552
270 439
65 484
63 280
531 732
746 756
318 674
337 843
380 852
640 830
242 980
214 250
177 993
378 587
169 806
180 398
74 875
94 267
414 864
418 567
848 872
50 780
648 906
265 666
300 666
524 822
214 561
508 809
13 412
631 741
510 979
803 820
116 970
258 581
190 329
196 431
52 368
746 950
389 617
373 414
361 833
154 212
727 795
277 829
416 682
465 936
167 456
214 769
341 754
632 794
159 315
839 887
242 885
84 430
322 530
238 456
849 943
229 369
369 658
149 706
357 971
93 841
30 59
349 510
10 747
103 654
433 866
358 917
254 673
458 679
480 711
586 902
61 755
225 348
532 783
335 837
373 992
119 984
839 912
41 511
11 302
409 541
397 610
40 886
347 768
446 764
482 670
145 264
752 973
328 890
540 980
585 767
830 948
89 311
396 812
147 151
379 792
693 741
240 301
413 570
583 849
418 921
170 806
409 833
191 951
744 871
253 856
323 788
60 297
334 962
841 947
353 650
34 316
319 514
122 608
167 646
205 903
265 332
353 982
337 936
63 876
484 632
205 464
251 977
379 710
409 789
496 627
186 378
121 350
213 854
1 154
200 986
30 388
618 688
288 440
56 489
636 793
250 262
636 813
450 970
38 449
654 686
718 846
401 897
379 437
28 175
793 954
324 799
448 961
100 103
234 987
247 598
177 360
792 847
578 786
61 714
263 266
9 660
768 981
441 991
198 720
904 977
462 810
908 922
413 482
119 170
81 87
65 342
205 798
149 950
145 600
706 994
426 814
311 630
96 529
669 901
129 700
382 709
210 525
357 757
813 970
383 796
436 679
303 642
256 923
79 906
390 454
117 697
315 505
467 792
109 795
34 369
329 578
644 672
189 647
534 705
947 974
757 819
25 144
170 983
514 885
512 734
11 540
962 992
163 592
142 851
88 362
234 525
386 740
26 314
346 777
116 852
36 208
331 333
915 953
527 626
458 537
356 924
464 528
488 601
216 790
45 307
644 693
123 604
916 954
148 674
151 223
159 309
206 349
226 756
53 708
24 949
572 586
678 754
371 440
688 814
324 790
22 168
382 814
42 699
424 600
226 241
171 559
42 598
322 353
2 562
22 746
405 934
426 965
628 856
297 836
227 617
434 549
303 654
372 445
233 844
40 834
503 927
452 644
117 432
215 284
907 998
177 490
385 396
157 802
546 701
210 724
216 570
35 361
101 597
632 907
396 402
40 309
277 610
541 579
217 274
117 411
20 853
33 808
338 445
155 380
685 974
349 449
216 582
519 919
147 260
328 953
111 270
435 692
465 981
382 818
553 679
228 309
354 503
480 506
450 721
88 435
597 840
16 847
521 759
625 742
264 299
66 117
208 778
619 768
497 931
557 601
498 614
441 800
156 330
264 476
529 768
169 434
179 818
247 287
858 906
353 759
649 792
167 904
398 447
401 825
202 841
330 342
429 849
105 744
684 969
224 649
768 955
780 828
353 981
191 964
285 967
179 739
82 688
323 443
183 950
376 800
201 786
5 697
157 416
419 714
230 566
529 719
484 655
125 289
223 622
85 87
492 689
273 516
486 668
103 948
247 441
29 318
126 685
713 855
633 715
11 142
16 700
396 758
60 697
72 699
863 935
129 210
332 720
163 387
628 980
598 889
709 869
631 883
680 750
332 944
465 579
124 357
38 509
324 979
783 836
711 851
528 638
393 808
379 753
35 91
6 878
929 955
268 879
6 187
367 414
13 591
499 765
621 904
147 776
250 913
493 717
296 494
113 992
244 413
805 907
278 492
37 260
357 965
899 970
64 950
402 792
301 518
437 813
239 776
590 864
2 501
66 73
503 967
60 467
58 420
718 744
686 714
275 286
494 587
181 880
340 545
448 454
601 665
321 635
577 660
376 575
208 518
637 987
427 937
561 639
851 896
389 656
172 251
472 861
420 711
372 545
204 220
275 807
221 339
653 808
371 474
591 603
539 983
624 846
752 809
4 716
57 369
83 928
375 885
813 982
263 611
900 968
527 895
138 394
117 410
82 810
101 858
736 837
252 301
523 601
88 509
464 716
697 849
386 744
66 900
824 883
495 750
358 396
243 265
23 954
501 973
141 156
294 346
13 975
366 798
661 713
649 981
525 586
919 985
556 895
332 835
196 385
429 629
167 240
70 633
687 997
38 242
372 827
73 376
82 245
452 840
442 597
183 600
76 821
38 993
614 934
290 771
490 608
453 634
87 528
266 434
444 635
580 810
225 963
123 855
133 811
136 278
324 541
176 406
10 266
168 437
711 921
333 400
627 797
34 230
585 934
356 747
595 960
789 880
143 992
130 805
57 862
614 933
713 855
589 700
322 855
302 864
71 348
657 930
511 942
67 428
602 749
623 934
175 683
311 353
239 341
160 528
347 618
217 965
189 431
293 427
716 854
282 393
386 901
743 748
115 446
556 946
179 627
221 658
223 575
70 934
175 988
128 290
221 922
396 802
774 992
137 341
788 894
713 745
808 913
123 470
231 270
45 897
483 935
911 949
47 903
136 306
565 693
366 664
59 575
342 517
346 458
62 973
199 758
77 293
24 954
6 184
232 860
24 864
65 292
574 660
297 808
264 955
336 751
791 985
180 253
443 858
669 750
153 432
19 875
249 903
581 633
440 736
12 681
298 313
88 212
316 954
189 465
264 628
536 725
212 764
612 690
733 905
244 892
464 906
274 361
809 811
315 902
241 773
105 566
511 654
371 921
806 969
20 402
182 862
289 544
348 574
617 771
71 322
128 722
494 758
84 256
98 235
284 553
160 565
423 614
255 723
321 594
257 624
123 913
718 822
217 438
575 937
108 130
659 908
78 589
387 632
610 730
37 375
506 539
521 536
487 681
13 284
188 719
273 642
437 889
263 442
695 960
607 738
328 345
97 888
88 366
208 662
825 951
625 831
754 880
213 369
176 794
699 842
56 283
66 939
273 893
768 979
785 885
303 990
202 216
61 575
215 395
507 947
112 302
151 352
247 439
312 446
527 849
363 374
152 667
233 735
357 995
262 466
692 772
365 578
137 213
684 755
52 987
568 753
865 890
270 962
567 600
113 867
355 947
50 513
51 153
206 864
259 387
277 420
126 471
483 795
90 792
167 573
228 442
513 599
246 991
116 305
332 685
104 655
8 84
421 956
450 962
294 398
189 921
82 113
19 711
474 594
301 621
478 732
321 347
2 723
616 711
53 141
78 799
18 899
6 380
492 671
440 586
115 851
118 684
93 749
339 901
536 649
127 222
528 844
608 981
169 425
523 656
496 995
103 896
73 913
412 922
599 950
436 801
516 950
481 999
527 704
231 499
43 327
526 577
23 322
215 958
762 958
386 747
856 876
250 319
342 737
275 968
173 456
188 521
625 709
629 836
521 782
596 900
313 906
861 997
31 414
708 933
447 603
606 782
419 642
221 889
524 540
352 769
708 853
133 243
457 989
43 53
570 853
376 626
423 792
545 962
214 496
240 574
165 590
829 897
212 696
616 675
516 533
128 709
226 347
592 615
422 998
857 965
139 343
231 377
427 638
26 822
121 840
443 636
432 906
518 674
336 834
118 896
2 448
865 948
228 260
176 650
52 636
251 765
251 314
116 533
52 614
41 669
181 743
131 408
294 668
65 695
589 665
640 885
108 853
16 333
278 988
68 661
148 233
461 629
491 563
44 642
259 698
398 409
283 417
227 457
40 549
4 790
83 674
319 949
482 813
248 833
68 900
356 404
534 872
114 302
1 35
106 933
63 214
549 557
322 340
76 721
414 986
107 447
385 632
236 480
657 718
388 763
318 692
521 758
75 777
56 369
507 945
86 930
127 444
124 863
18 773
750 980
449 599
27 643
394 971
61 161
13 654
795 852
300 549
504 659
112 298
159 362
93 642
500 749
376 666
77 898
392 616
706 942
86 252
18 60
425 864
430 946
627 848
858 923
623 966
73 450
45 714
188 503
347 944
759 781
327 950
137 281
372 850
215 228
173 196
333 891
321 606
94 893
248 306
53 201
253 791
378 925
780 787
623 680
402 586
283 391
26 428
517 581
140 544
386 939
288 839
401 827
98 615
246 713
284 949
337 535
641 889
72 726
296 999
719 930
59 184
372 742
48 462
37 615
150 855
728 933
713 824
112 299
202 469
405 621
279 983
51 157
425 831
788 828
340 988
592 607
474 549
459 572
109 251
106 546
307 362
653 919
92 600
557 912
50 98
571 706
492 494
220 385
285 925
166 570
151 895
196 221
62 318
127 364
664 915
472 484
71 492
339 725
378 574
9 11
384 960
175 947
120 643
101 279
725 951
208 370
137 872
251 544
296 999
307 930
622 972
57 762
667 829
409 908
158 991
494 595
373 543
28 772
21 727
534 847
351 886
118 581
175 976
812 861
402 680
928 940
435 836
333 719
19 169
699 785
30 968
4 283
249 351
106 232
278 859
367 682
717 983
74 254
330 605
187 496
10 673
379 872
499 903
27 338
843 879
902 991
708 805
42 346
125 979
106 496
590 859
478 814
51 392
55 592
190 324
242 688
200 448
555 760
106 264
181 582
630 950
299 880
460 952
41 355
11 906
355 871
372 414
738 773
863 896
241 709
510 875
106 458
339 506
318 365
14 890
258 700
353 896
132 474
6 942
23 989
348 628
255 516
91 854
74 854
619 621
229 504
127 961
712 727
452 991
863 932
104 419
231 705
650 748
295 768
528 723
289 908
130 722
489 866
313 366
230 862
772 934
304 667
478 617
481 687
530 659
234 637
157 404
443 712
852 872
305 690
21 143
81 399
740 773
333 693
712 874
545 775
544 987
22 40
352 680
618 853
200 288
319 784
461 644
703 710
677 823
394 516
737 849
12 344
225 945
830 854
433 655
4 518
733 758
332 371
348 463
408 928
83 739
567 957
67 764
697 766
127 450
716 865
264 947
387 476
155 917
13 834
157 272
87 705
688 838
298 768
159 668
116 809
106 175
519 800
459 610
6 684
372 830
871 951
574 687
266 843
139 460
438 691
271 582
578 982
611 920
440 509
172 643
48 874
12 626
373 571
33 474
55 257
121 721
654 677
378 641
39 215
372 775
840 994
517 685
34 112
799 917
341 989
572 937
116 414
320 885
752 890
491 734
251 348
92 641
5 450
367 544
89 419
33 740
392 654
314 906
174 692
167 813
326 713
536 959
213 230
504 710
613 815
282 700
11 609
606 981
280 903
97 144
323 667
368 814
163 587
22 114
37 347
277 527
517 600
276 592
202 780
199 655
715 960
505 971
59 860
717 854
92 838
558 821
271 606
166 487
782 900
358 599
314 960
840 867
754 915
201 287
700 759
619 672
710 910
331 952
568 797
661 748
704 753
529 754
729 849
122 676
110 147
263 923
462 902
58 503
609 782
288 992
13 749
235 920
288 677
635 964
70 354
149 855
54 222
218 309
579 621
93 843
358 675
385 478
494 928
174 234
263 438
399 632
160 496
371 826
153 805
452 748
177 802
535 639
120 830
259 600
245 805
375 457
464 738
832 930
209 793
58 207
568 644
297 970
59 681
360 949
102 562
662 747
795 951
487 913
261 933
33 993
61 697
206 704
490 908
297 959
859 990
138 453
95 654
724 978
137 767
643 952
411 434
397 734
218 697
497 632
215 509
214 819
185 280
61 124
316 696
327 583
501 558
206 730
46 563
256 951
51 590
64 891
294 668
821 984
372 560
40 414
536 849
62 245
106 927
417 898
185 616
480 734
555 840
121 455
517 730
81 699
399 563
312 597
529 698
244 462
230 731
338 493
237 900
164 787
414 929
242 950
245 249
797 964
703 878
632 780
397 735
489 826
641 955
354 724
539 544
376 834
660 886
357 974
474 656
369 456
444 562
219 559
78 873
741 982
486 583
268 969
128 986
587 719
396 785
131 946
44 370
49 63
192 588
393 881
44 730
667 788
603 893
243 297
45 489
623 842
183 926
78 970
221 237
261 355
586 795
662 807
657 733
842 930
2 303
676 768
91 955
63 277
783 862
2 550
418 597
334 474
301 593
534 611
381 432
341 998
324 477
210 449
132 305
26 398
26 446
187 199
581 971
407 509
337 725
2 187
124 397
494 979
135 330
762 766
13 282
175 505
300 671
116 382
203 689
65 267
588 902
184 383
70 512
693 844
533 627
473 584
249 625
220 799
21 261
275 713
163 258
709 849
617 999
936 938
201 991
641 910
164 469
248 954
100 874
183 366
299 634
305 761
878 962
667 762
183 892
324 855
373 858
666 737
687 838
69 104
75 164
135 244
438 721
111 742
882 973
295 346
12 925
509 924
343 966
86 488
196 233
962 970
104 743
456 759
314 699
147 538
309 957
30 813
451 727
688 705
337 906
724 792
508 681
680 829
443 452
548 726
248 797
651 922
171 917
165 804
182 379
94 250
416 964
53 532
111 484
751 889
174 525
219 508
270 655
314 869
662 719
167 454
15 602
203 238
45 145
208 640
548 595
44 617
493 637
61 762
225 494
7 482
44 928
769 899
714 861
153 201
531 701
14 347
202 528
236 616
388 587
99 110
104 739
7 632
532 759
380 640
438 734
146 801
632 816
424 857
220 577
2 799
520 879
721 761
735 854
442 828
125 851
218 693
537 908
173 521
344 557
566 786
590 656
152 271
340 643
780 945
22 790
625 812
322 895
141 817
224 230
237 627
461 546
579 900
704 941
95 117
644 784
493 520
566 719
492 495
245 329
161 959
506 789
464 559
766 973
96 903
315 779
207 517
92 159
140 389
315 413
218 323
784 799
297 571
27 707
494 650
26 624
649 796
388 883
462 688
8 396
34 993
126 699
754 902
120 705
403 453
81 192
129 558
143 353
288 710
243 684
576 737
568 619
94 728
692 898
205 318
85 841
66 909
670 696
725 962
264 540
7 48
260 954
333 770
203 391
440 623
942 978
244 491
391 870
556 916
135 872
185 803
328 408
344 765
686 762
233 450
343 865
324 871
273 736
75 395
310 881
229 744
727 908
539 924
589 892
754 971
68 420
385 519
341 737
586 678
128 414
559 651
727 963
310 445
174 552
719 912
119 669
324 819
277 882
133 624
93 200
107 463
102 808
201 567
91 517
167 889
422 589
451 973
64 156
184 578
308 716
687 986
746 768
100 342
76 589
634 836
591 745
186 527
462 618
110 520
27 286
192 473
687 727
704 743
100 398
222 307
80 855
266 929
616 822
30 668
145 395
119 888
598 714
412 538
163 241
321 347
911 933
342 745
291 877
395 534
97 343
261 584
66 913
659 955
113 150
383 549
351 804
286 455
610 942
345 966
279 354
480 541
519 556
130 790
72 742
297 444
86 484
463 688
325 829
198 483
192 818
608 635
307 723
120 235
817 901
313 631
100 335
881 962
18 170
78 753
110 530
360 906
138 269
793 902
681 768
314 322
757 944
215 230
196 708
737 791
98 849
368 679
539 544
454 921
257 523
77 535
523 866
238 398
268 547
3 152
862 904
350 905
113 656
67 715
634 991
297 536
307 558
901 915
352 819
124 162
57 928
351 841
54 914
403 633
3 809
51 532
42 441
441 451
682 988
105 513
345 763
62 235
324 742
159 471
212 991
40 390
340 695
349 850
179 499
48 489
756 873
168 361
219 747
573 978
314 938
432 629
137 352
230 501
6 578
144 581
401 842
69 587
210 959
372 673
464 945
376 407
78 659
358 427
138 943
310 650
141 951
35 198
128 629
21 698
43 924
0 186
110 989
173 475
295 945
408 532
377 913
342 437
241 735
221 866
37 764
74 630
235 938
794 820
397 546
48 746
615 874
770 978
178 559
370 576
405 577
72 818
106 678
720 847
181 896
529 654
309 970
82 707
185 808
24 269
182 718
216 402
33 99
480 731
215 819
254 609
551 848
353 944
443 505
417 718
778 804
496 578
414 643
206 898
632 822
442 785
600 667
159 567
161 780
127 738
445 538
312 838
52 262
642 650
424 533
434 778
421 759
189 415
230 564
311 891
22 502
294 500
39 466
341 682
177 230
388 571
633 708
245 500
190 655
492 520
321 995
274 889
849 919
379 464
213 359
99 809
100 170
102 396
564 967
413 738
532 972
245 439
297 967
407 697
176 736
325 775
79 192
123 662
152 270
313 759
457 860
71 894
605 802
357 439
72 338
784 933
40 722
434 783
202 926
309 462
101 885
441 718
114 864
125 809
70 659
557 952
188 490
551 580
125 534
136 635
140 672
232 240
100 256
73 749
6 583
566 786
378 937
656 869
257 779
71 261
801 937
98 376
