100
408
0
1
2
3
4
5
6
7
8
9
10
11
12
13
14
15
16
17
18
19
20
21
22
23
24
25
26
27
28
29
30
31
32
33
34
35
36
37
38
39
40
41
42
43
44
45
46
47
48
49
50
51
52
53
54
55
56
57
58
59
60
61
62
63
64
65
66
67
68
69
70
71
72
73
74
75
76
77
78
79
80
81
82
83
84
85
86
87
88
89
90
91
92
93
94
95
96
97
98
99
19 99
27 86
26 68
7 18
34 55
17 68
9 29
49 54
8 70
34 88
21 89
27 51
20 92
15 50
71 76
10 19
38 43
33 53
8 49
20 25
17 21
28 99
50 85
43 82
54 64
29 88
52 79
60 76
35 47
41 64
39 99
39 41
62 93
30 92
3 78
17 42
47 70
54 63
41 93
65 84
71 94
0 94
15 87
53 79
59 95
19 85
52 76
65 83
14 51
50 60
24 87
8 79
13 76
8 15
25 62
37 88
3 23
27 70
42 79
50 72
34 75
4 15
14 43
14 82
40 83
34 79
27 71
52 85
22 63
54 55
89 95
4 8
77 96
40 45
67 97
33 93
7 86
22 70
32 63
44 54
38 57
11 19
74 98
22 80
65 69
18 87
42 90
9 85
32 46
16 79
0 18
31 34
10 66
49 87
6 81
3 25
4 79
50 67
95 98
81 87
60 81
58 96
10 64
56 84
4 7
41 44
63 98
22 84
70 93
1 22
33 41
7 88
0 30
31 97
20 95
14 93
17 72
34 65
54 92
37 52
19 47
10 83
48 57
16 48
75 81
6 23
28 35
0 51
3 6
2 35
6 77
26 73
80 89
12 51
58 79
2 87
78 83
6 19
16 70
30 66
42 89
10 95
7 87
53 69
1 14
0 32
29 97
33 67
56 57
58 95
37 64
64 78
20 59
40 83
36 97
48 54
0 72
86 98
68 79
3 37
13 58
27 57
26 62
7 24
26 29
13 91
17 96
46 49
47 90
31 81
45 90
15 27
39 40
26 62
51 63
70 80
75 96
20 39
19 54
29 41
26 93
29 47
64 71
44 92
29 30
20 27
0 6
24 43
6 15
45 56
30 39
21 84
1 57
1 22
4 58
10 59
14 20
25 66
62 91
67 79
19 34
37 78
18 79
14 17
23 48
43 69
1 31
54 59
17 49
59 92
10 92
39 53
11 14
24 87
12 69
67 75
8 93
17 31
17 72
0 18
36 69
51 93
17 37
21 49
31 78
3 67
1 22
17 86
20 55
50 78
57 99
43 98
19 50
39 79
58 92
26 52
22 62
68 94
5 54
20 74
5 97
54 82
25 75
71 88
33 96
67 70
67 84
4 71
16 59
49 61
52 78
46 70
7 54
32 61
57 73
2 61
9 49
59 93
61 71
49 76
55 59
49 61
59 65
21 35
27 34
47 80
22 25
0 30
22 55
35 43
1 6
24 87
3 50
31 94
4 58
3 93
38 86
2 20
71 85
26 77
15 52
1 80
26 46
72 79
3 43
82 97
14 92
8 18
21 43
56 90
75 83
80 84
35 98
14 37
3 97
8 99
28 53
6 29
70 93
66 69
66 76
48 54
22 45
21 85
19 85
32 58
9 38
34 52
16 78
17 93
71 79
6 87
28 59
80 84
35 60
3 86
45 88
20 62
14 86
80 86
6 80
47 83
12 43
12 49
8 71
47 68
16 83
15 60
30 80
29 50
15 67
12 20
53 65
25 59
11 40
18 59
44 54
85 96
7 41
9 93
1 27
41 69
63 74
55 88
27 32
23 81
9 85
29 95
10 11
47 86
6 40
26 84
18 40
31 73
85 99
48 91
42 73
58 99
13 27
36 93
6 14
71 83
42 80
14 30
47 89
19 25
7 91
7 10
18 20
34 67
59 85
51 67
18 70
26 33
54 97
64 95
11 81
41 53
24 87
29 75
52 69
24 55
13 89
28 96
17 94
23 99
25 62
14 17
28 74
16 73
4 74
16 19
8 50
36 94
15 70
48 85
6 16
22 58
12 75
78 85
36 5
36 7
36 62
5 7
5 62
97 7
97 62
7 62
