500
2000
0
1
2
3
4
5
6
7
8
9
10
11
12
13
14
15
16
17
18
19
20
21
22
23
24
25
26
27
28
29
30
31
32
33
34
35
36
37
38
39
40
41
42
43
44
45
46
47
48
49
50
51
52
53
54
55
56
57
58
59
60
61
62
63
64
65
66
67
68
69
70
71
72
73
74
75
76
77
78
79
80
81
82
83
84
85
86
87
88
89
90
91
92
93
94
95
96
97
98
99
100
101
102
103
104
105
106
107
108
109
110
111
112
113
114
115
116
117
118
119
120
121
122
123
124
125
126
127
128
129
130
131
132
133
134
135
136
137
138
139
140
141
142
143
144
145
146
147
148
149
150
151
152
153
154
155
156
157
158
159
160
161
162
163
164
165
166
167
168
169
170
171
172
173
174
175
176
177
178
179
180
181
182
183
184
185
186
187
188
189
190
191
192
193
194
195
196
197
198
199
200
201
202
203
204
205
206
207
208
209
210
211
212
213
214
215
216
217
218
219
220
221
222
223
224
225
226
227
228
229
230
231
232
233
234
235
236
237
238
239
240
241
242
243
244
245
246
247
248
249
250
251
252
253
254
255
256
257
258
259
260
261
262
263
264
265
266
267
268
269
270
271
272
273
274
275
276
277
278
279
280
281
282
283
284
285
286
287
288
289
290
291
292
293
294
295
296
297
298
299
300
301
302
303
304
305
306
307
308
309
310
311
312
313
314
315
316
317
318
319
320
321
322
323
324
325
326
327
328
329
330
331
332
333
334
335
336
337
338
339
340
341
342
343
344
345
346
347
348
349
350
351
352
353
354
355
356
357
358
359
360
361
362
363
364
365
366
367
368
369
370
371
372
373
374
375
376
377
378
379
380
381
382
383
384
385
386
387
388
389
390
391
392
393
394
395
396
397
398
399
400
401
402
403
404
405
406
407
408
409
410
411
412
413
414
415
416
417
418
419
420
421
422
423
424
425
426
427
428
429
430
431
432
433
434
435
436
437
438
439
440
441
442
443
444
445
446
447
448
449
450
451
452
453
454
455
456
457
458
459
460
461
462
463
464
465
466
467
468
469
470
471
472
473
474
475
476
477
478
479
480
481
482
483
484
485
486
487
488
489
490
491
492
493
494
495
496
497
498
499
129 349
226 485
255 439
283 328
69 197
355 440
136 388
185 285
171 408
222 410
142 457
43 154
44 284
14 249
487 493
97 450
309 349
205 323
89 146
19 215
198 483
89 151
13 367
77 154
186 412
279 420
30 179
3 243
388 433
28 389
220 234
40 349
182 331
252 367
24 296
158 194
16 330
156 359
265 347
158 423
313 403
370 440
201 472
85 398
220 405
339 458
251 411
15 492
162 179
68 456
18 464
258 299
86 443
149 459
44 383
59 238
116 198
285 483
226 427
296 462
187 244
362 368
261 407
44 161
237 362
314 374
174 381
162 405
153 214
164 399
421 444
26 218
399 431
3 208
183 361
27 288
6 178
99 413
210 452
98 479
50 390
79 103
214 324
294 321
111 308
43 264
150 322
412 443
38 173
232 459
55 164
176 460
89 474
117 370
23 468
40 410
95 102
357 441
311 402
106 351
82 168
188 190
34 181
211 386
104 338
376 466
57 407
9 57
114 401
265 344
137 183
260 292
159 471
211 453
17 72
246 483
13 212
77 196
50 107
55 214
0 98
360 366
73 337
40 276
495 496
13 405
269 377
163 447
213 245
68 463
372 452
26 454
193 208
372 455
254 387
201 262
54 273
296 369
268 464
220 363
94 237
143 203
119 335
77 483
58 141
14 398
299 423
65 497
280 392
119 358
213 257
150 389
141 428
258 298
92 448
200 478
25 120
304 415
364 491
15 145
268 297
122 338
90 148
153 426
254 379
331 411
321 385
171 497
353 360
96 222
177 180
209 423
16 484
94 220
383 414
36 463
15 373
146 178
204 384
273 426
88 499
243 373
72 215
263 382
213 380
74 456
318 430
266 423
22 95
326 491
0 476
155 493
134 498
75 155
104 202
62 456
435 483
15 496
7 470
337 362
14 26
50 455
435 439
188 462
151 255
83 443
7 243
267 391
120 349
328 437
283 432
139 344
249 401
206 449
136 441
80 293
201 257
154 432
78 188
151 275
278 363
210 386
14 459
157 220
66 476
479 498
258 388
294 489
129 420
316 431
14 233
137 221
71 285
298 463
4 247
188 199
50 151
17 483
110 212
200 428
52 144
391 453
18 425
171 489
272 412
187 489
13 426
130 271
61 218
166 473
298 480
9 17
25 146
366 408
415 496
350 354
49 83
374 392
84 192
335 415
187 478
45 369
87 104
81 138
297 419
93 336
160 202
92 182
134 422
271 368
81 238
37 414
168 489
16 264
222 339
284 363
66 199
148 298
136 208
70 327
48 140
191 373
46 417
173 254
55 219
245 408
99 221
171 374
5 12
110 467
226 385
139 335
199 422
32 331
172 250
264 429
115 255
44 210
390 393
95 342
53 484
283 366
232 314
77 258
244 418
135 468
35 243
154 326
183 310
143 493
7 178
51 495
199 273
176 228
178 275
101 174
169 208
217 392
14 311
18 35
204 289
112 213
271 289
127 163
58 259
365 450
122 275
113 217
172 182
325 428
27 131
110 384
272 362
109 206
349 359
122 488
260 321
43 312
204 371
367 469
300 442
165 409
204 491
108 398
32 257
290 422
96 318
131 203
49 351
76 212
186 404
157 287
251 297
335 495
150 260
135 155
250 499
400 427
138 391
24 347
103 299
334 476
28 60
67 271
0 214
24 462
263 270
174 434
122 311
193 445
160 254
19 196
237 469
8 48
53 78
278 474
23 265
367 431
70 370
158 184
281 286
442 498
303 378
383 479
261 267
329 422
351 384
165 259
28 469
82 407
388 489
75 276
81 475
95 438
59 429
92 449
138 178
346 488
108 211
290 397
226 296
228 460
0 470
41 235
180 349
136 354
357 419
3 488
16 322
21 480
41 126
60 436
93 224
311 491
310 366
13 222
433 483
0 387
164 423
7 488
103 301
170 323
176 255
42 395
22 496
69 203
230 327
222 383
14 310
192 273
8 101
220 342
200 208
278 302
78 101
375 495
339 475
55 370
57 452
188 482
315 356
253 287
231 426
9 183
55 134
314 481
81 282
408 497
39 387
238 282
3 125
122 325
265 377
12 142
303 362
280 413
120 298
151 339
92 329
82 369
107 294
168 277
131 165
255 330
154 439
59 499
71 276
84 319
180 388
157 494
187 430
49 389
416 437
334 480
12 433
47 446
2 225
9 41
69 178
292 463
0 374
89 384
181 307
218 442
29 67
463 478
107 411
340 372
51 211
29 40
11 412
394 411
201 374
125 492
2 337
281 476
185 389
240 317
361 434
2 449
108 322
270 274
62 234
96 329
238 382
147 399
189 438
10 137
254 308
26 441
183 287
176 405
107 359
413 420
33 217
263 336
335 472
258 457
284 303
397 430
76 129
99 139
151 164
157 202
68 210
332 394
255 303
70 365
155 205
83 339
315 453
261 426
196 325
270 339
152 366
178 498
169 221
259 481
255 424
238 464
72 491
97 276
320 475
35 99
247 438
25 221
381 470
224 341
88 302
168 237
181 344
408 436
147 445
52 329
266 346
319 406
240 278
77 264
82 172
29 63
121 237
294 353
204 485
60 152
140 409
47 453
27 280
183 302
207 231
3 352
327 417
341 435
57 494
327 481
329 465
146 489
9 442
138 311
279 482
383 499
244 422
46 161
141 430
373 411
213 495
171 200
20 289
388 413
237 335
125 128
85 140
190 332
112 168
12 93
4 397
242 442
207 307
48 188
42 403
92 159
64 465
120 172
380 495
113 274
46 204
329 457
9 482
84 249
123 226
82 279
151 338
106 235
151 492
349 351
110 173
64 218
85 394
36 220
424 477
188 394
70 383
1 62
137 278
220 411
182 344
16 52
253 321
238 416
425 456
285 329
329 330
27 371
148 392
194 284
132 211
300 397
405 437
292 418
46 480
61 170
133 233
327 499
136 275
127 182
363 454
337 368
102 153
39 267
148 238
118 373
252 447
80 419
8 20
73 202
310 337
310 373
291 393
136 164
159 272
42 483
245 439
63 496
326 329
333 408
63 317
134 408
57 122
98 107
143 274
163 406
12 98
169 342
245 254
247 327
153 243
107 354
8 314
29 266
131 458
27 435
455 488
104 324
439 491
109 414
61 391
0 226
325 479
204 309
243 339
35 450
451 488
316 484
47 166
173 211
112 412
193 204
65 137
353 449
33 474
50 386
46 425
95 278
386 433
66 126
200 475
122 146
350 435
244 441
83 181
60 112
251 310
271 318
95 403
2 37
220 413
12 216
245 339
110 143
67 159
74 459
44 46
56 86
185 399
412 464
93 366
31 137
261 461
257 373
150 234
249 397
69 365
259 490
80 462
39 437
69 239
106 175
419 463
31 448
436 484
107 137
158 404
251 446
7 223
151 167
134 420
53 272
143 301
296 468
141 155
1 178
36 155
274 403
99 142
116 210
27 378
157 354
87 139
296 319
36 206
136 248
168 460
323 385
210 251
6 331
100 282
43 272
97 281
25 458
104 105
139 448
107 303
83 248
320 383
135 275
172 370
48 416
23 62
141 489
217 254
33 413
323 416
70 257
150 438
108 139
118 360
384 476
185 270
82 349
399 498
236 246
118 253
91 243
250 266
7 253
280 452
21 450
164 389
201 267
51 177
322 441
361 401
23 450
24 107
145 195
316 453
34 134
180 363
191 363
204 262
143 444
18 190
91 460
347 388
203 389
140 167
205 307
250 284
140 165
102 322
103 156
124 134
51 447
163 359
147 387
105 121
107 492
61 188
48 292
195 280
317 431
253 315
9 295
53 134
265 372
329 363
82 174
236 456
41 348
260 445
191 324
25 123
39 77
176 432
291 448
41 125
184 387
200 346
13 257
31 271
60 326
168 437
168 207
450 463
153 275
433 462
144 221
192 374
14 346
68 447
42 275
71 215
403 459
285 344
145 380
208 280
127 369
372 412
187 457
224 329
122 454
259 450
215 262
280 442
174 243
287 353
130 358
152 286
298 362
292 409
210 431
248 378
64 458
286 313
90 91
45 470
171 458
114 273
139 171
35 328
150 171
412 413
248 483
460 472
170 362
71 254
106 486
49 364
263 484
116 483
207 400
235 430
339 430
139 420
89 122
33 67
424 448
60 173
170 316
254 465
71 399
19 222
84 111
254 447
73 106
51 67
124 335
11 152
344 370
184 252
229 284
275 480
29 55
188 408
154 433
188 476
144 145
70 448
292 396
305 465
172 195
102 117
299 377
33 107
58 169
27 424
173 296
220 238
194 405
346 455
31 427
262 337
106 410
92 473
259 301
289 331
64 332
326 367
149 284
34 201
318 424
152 253
223 330
258 433
88 456
211 244
236 477
264 284
260 463
118 291
137 354
91 271
152 178
229 424
383 434
204 351
31 146
27 477
302 324
209 362
192 387
307 391
90 396
66 394
171 378
3 143
52 97
65 255
375 424
328 391
17 61
80 332
190 204
117 498
60 214
72 118
64 337
358 459
98 454
136 294
375 455
344 398
239 248
250 271
394 456
240 331
84 88
186 427
23 31
144 210
337 451
120 436
319 412
415 432
162 478
76 346
182 490
209 252
319 495
102 445
15 465
365 388
55 207
462 482
39 336
149 362
325 484
425 474
403 470
330 493
20 393
125 171
374 377
15 329
231 252
162 389
241 465
202 441
25 243
77 113
214 433
106 282
400 424
318 359
151 329
86 88
172 347
149 486
79 418
370 383
121 323
167 257
123 250
84 117
255 345
98 386
449 496
10 402
188 379
37 174
211 411
16 450
207 313
7 364
23 330
116 145
32 188
98 487
334 345
1 31
82 301
407 468
241 313
160 283
330 449
122 413
147 238
59 207
356 398
118 123
368 407
100 339
86 162
11 153
21 307
17 324
164 170
139 475
206 262
331 410
84 449
15 295
42 419
293 362
57 113
326 350
479 485
229 455
248 318
231 396
293 310
13 78
91 405
48 246
98 492
131 452
219 314
406 446
143 262
79 320
178 299
276 397
338 412
266 415
274 484
112 359
292 344
191 413
167 253
205 431
454 482
196 409
80 413
197 304
95 482
223 314
105 276
41 237
40 341
181 465
433 464
190 361
268 434
304 382
363 369
68 494
330 434
29 338
156 185
71 215
167 256
161 471
45 324
101 169
259 421
54 139
64 476
234 398
175 491
46 371
182 282
319 320
216 414
32 218
34 277
156 231
220 460
432 456
54 372
212 423
329 407
238 258
87 362
52 302
3 77
151 416
85 242
214 429
276 464
277 360
446 495
136 402
295 458
168 406
42 496
106 438
56 127
76 111
64 484
249 263
134 203
128 264
122 319
140 292
8 331
181 269
116 416
212 283
3 354
204 341
68 491
404 476
62 274
91 371
70 388
4 455
45 193
163 316
63 391
79 474
162 245
184 229
62 294
35 98
406 443
188 216
157 483
53 144
400 483
175 351
387 443
432 437
122 373
236 343
326 418
134 254
213 315
268 315
168 492
215 464
247 475
192 342
59 468
217 288
197 442
50 411
239 388
24 435
172 348
287 451
209 221
46 230
13 21
79 446
48 491
18 316
174 275
5 373
117 370
66 442
98 160
52 193
77 372
57 332
165 422
192 322
77 144
43 59
50 419
2 495
127 314
149 396
180 222
36 42
12 316
290 349
175 337
271 342
23 289
46 476
59 491
291 345
85 465
153 226
203 467
205 375
1 278
109 124
226 491
144 216
132 367
108 222
215 233
95 187
201 442
143 389
48 212
81 159
56 64
257 340
214 280
109 279
467 497
347 484
172 446
382 427
104 198
201 385
425 445
28 330
223 356
6 429
164 248
229 332
30 149
271 429
276 376
41 273
32 229
118 494
10 438
0 192
128 191
76 107
72 209
33 196
56 221
312 426
128 322
41 491
243 405
181 403
89 406
155 200
268 397
130 331
89 319
387 413
80 497
74 496
56 429
66 96
141 279
40 95
179 487
373 429
45 242
88 296
316 396
4 277
245 351
88 359
95 254
316 466
166 396
252 320
71 361
435 489
42 424
287 496
175 310
24 182
191 395
57 492
50 426
157 298
241 289
281 484
46 366
113 449
207 333
65 216
15 95
211 338
334 419
452 458
260 394
98 159
67 409
6 268
281 375
22 161
139 192
70 168
234 439
85 455
22 435
135 206
1 421
96 390
181 311
96 452
298 359
201 273
336 361
324 345
42 231
79 170
339 479
138 205
59 291
108 382
101 360
2 210
160 196
50 273
151 156
293 423
123 402
111 401
233 487
88 386
217 366
286 396
242 340
108 132
265 446
29 480
236 462
173 293
402 490
258 357
14 113
4 164
145 334
251 403
31 263
399 408
28 321
17 269
101 362
264 425
15 77
339 461
2 447
31 418
318 439
70 348
87 481
58 167
20 374
278 279
181 367
187 418
233 313
109 147
339 472
262 422
26 397
9 245
311 424
361 442
32 392
232 435
185 425
306 431
33 85
5 181
304 452
49 174
139 486
335 413
31 204
126 305
40 55
81 377
0 41
87 452
21 67
29 62
172 313
2 250
327 476
202 272
225 237
80 117
491 499
26 172
14 189
62 113
40 364
366 405
93 199
192 227
270 309
76 295
356 485
37 410
280 478
88 289
17 298
362 455
9 102
58 113
136 226
171 221
110 138
385 439
20 239
96 492
274 281
180 352
38 416
16 479
411 486
181 207
225 432
252 460
397 404
199 222
59 357
192 333
30 195
284 480
195 364
90 97
260 264
427 466
174 353
153 229
129 370
176 290
148 273
307 372
3 358
45 429
39 428
16 44
25 125
116 384
38 92
148 302
114 444
62 269
103 180
49 461
229 238
128 348
136 346
256 403
76 112
99 459
82 368
88 271
27 163
223 419
34 156
78 129
394 435
7 165
163 304
320 339
59 73
96 132
371 440
258 416
58 242
40 183
316 419
133 305
243 409
50 125
160 488
151 426
95 491
19 244
373 458
107 315
260 408
29 322
1 459
414 451
323 367
100 489
457 488
95 446
439 440
352 453
290 370
85 132
197 489
101 410
275 375
394 475
335 356
294 325
196 275
67 412
104 417
12 68
178 287
103 190
74 310
439 458
64 444
19 222
24 309
328 484
211 264
133 419
306 451
55 221
102 426
229 286
326 344
160 232
189 269
237 493
286 307
333 429
360 392
124 132
130 489
110 479
411 437
64 477
213 234
69 288
176 329
113 400
17 498
299 400
173 299
132 208
136 421
372 464
196 405
83 231
170 331
338 384
171 469
274 356
72 187
163 177
193 231
112 128
112 208
164 354
38 329
73 469
114 381
405 409
285 433
148 233
347 385
281 411
202 456
5 199
9 289
123 154
234 302
324 401
110 191
29 327
431 474
32 149
98 489
314 332
72 281
23 311
357 380
181 362
282 415
183 314
221 249
59 327
80 296
161 309
426 477
161 306
57 393
412 421
116 184
141 144
66 474
47 228
118 446
34 466
181 260
91 155
385 484
0 339
282 407
103 374
7 478
403 407
12 485
273 401
300 418
365 399
138 148
155 478
130 442
236 339
84 386
58 319
99 408
29 365
143 442
59 244
96 454
292 477
77 375
84 416
63 145
44 274
38 367
254 270
82 465
364 472
65 129
419 423
314 419
343 381
306 398
33 92
203 312
128 385
149 317
141 179
58 317
60 165
85 331
253 298
80 143
310 352
15 129
139 366
148 446
323 343
233 416
48 203
198 224
42 414
51 118
224 418
72 287
155 302
165 311
96 468
9 450
104 273
37 344
246 448
308 457
306 313
8 170
376 455
162 267
262 272
91 436
298 468
397 412
285 325
72 417
14 451
140 322
46 487
172 436
273 388
137 240
9 158
370 463
156 449
232 326
47 259
318 403
315 414
7 17
24 206
194 375
52 399
336 454
105 251
284 287
45 131
261 432
63 256
247 268
188 207
26 300
108 390
444 487
99 280
303 482
132 302
95 338
353 485
236 469
2 303
18 276
125 442
48 188
253 404
155 262
1 248
24 268
1 142
0 194
3 200
0 188
35 207
83 276
48 435
25 438
289 299
156 497
30 144
127 497
114 452
304 407
134 359
23 348
225 227
170 237
286 384
145 315
268 346
144 353
319 394
320 364
170 445
138 246
215 427
80 417
25 114
380 486
330 380
176 233
19 175
452 485
100 383
208 474
174 419
68 84
143 238
486 493
306 430
97 439
65 486
248 271
104 475
91 166
178 402
125 447
130 388
79 209
423 460
394 411
285 347
246 493
128 377
1 148
306 345
173 434
159 328
115 252
50 137
28 152
35 115
157 377
296 381
69 359
33 220
177 256
344 450
15 269
78 471
101 478
75 209
241 452
65 199
6 428
340 413
91 167
102 281
85 242
257 335
273 338
166 449
44 293
351 458
403 410
41 283
53 482
138 483
31 495
108 446
49 51
138 417
50 323
171 467
293 359
49 156
71 230
37 248
288 471
350 430
376 432
158 169
208 322
56 178
313 330
29 470
91 202
110 324
119 366
401 481
426 438
435 496
344 367
61 267
153 250
308 392
108 462
212 313
33 349
135 246
132 444
122 365
159 489
118 293
48 128
12 338
92 294
33 467
191 484
61 82
94 331
43 183
44 405
322 359
147 216
42 121
118 420
202 496
238 482
175 499
1 307
132 277
251 316
132 233
128 434
5 87
28 70
57 487
105 272
204 248
254 389
198 233
201 209
236 493
221 374
226 480
155 363
206 263
232 307
53 404
167 300
214 439
99 416
289 378
228 322
272 340
83 340
123 242
273 479
106 228
49 108
201 273
225 266
42 177
88 223
164 421
142 440
188 373
356 461
75 327
201 383
362 431
55 487
131 238
249 344
269 291
45 107
272 463
86 172
261 403
15 231
7 496
42 88
268 333
249 256
10 258
70 100
225 342
120 422
260 323
80 147
66 408
6 424
139 398
60 87
113 466
281 344
45 391
124 128
6 270
44 391
301 305
479 486
482 490
128 427
134 237
112 154
92 363
420 429
103 148
30 104
160 351
360 420
366 383
253 283
82 294
110 465
112 401
205 311
10 39
143 332
301 428
150 414
